000001506
000001518
000001520
000001531
000001543
000001555
000001567
000001579
000001580
000001592
000001600
000001611
000001623
000001635
000001647
000001659
000001660
000001672
000001684
000001696
000001703
000001715
000001727
000001739
000001740
000001752
000001764
000001776
000001788
000001790
000001807
000001819
000001820
000001832
000001844
000001856
000001868
000001870
000001881
000001893
000001900
000001912
000001924
000001936
000001948
000001950
000001961
000001973
000001985
000001997
000002005
000002017
000002029
000002030
000002042
000002054
000002066
000002078
000002080
000002091
000002109
000002110
000002122
000002134
000002146
000002158
000002160
000002171
000002183
000002195
000002202
000002214
000002226
000002238
000002240
000002251
000002263
000002275
000002287
000002299
000002306
000002318
000002320
000002331
000002343
000002355
000002367
000002379
000002380
000002392
000002400
000002411
000002423
000002435
000002447
000002459
000002460
000002472
000002484
000002496
000002503
000002515
000002527
000002539
000002540
000002552
000002564
000002576
000002588
000002590
000002607
000002619
000002620
000002632
000002644
000002656
000002668
000002670
000002681
000002693
000002700
000002712
000002724
000002736
000002748
000002750
000002761
000002773
000002785
000002797
000002804
000002816
000002828
000002830
000002841
000002853
000002865
000002877
000002889
000002890
000002908
000002910
000002921
000002933
000002945
000002957
000002969
000002970
000002982
000002994
000003002
000003014
000003026
000003038
000003040
000003051
000003063
000003075
000003087
000003099
000003106
000003118
000003120
000003131
000003143
000003155
000003167
000003179
000003180
000003192
000003200
000003211
000003223
000003235
000003247
000003259
000003260
000003272
000003284
000003296
000003303
000003315
000003327
000003339
000003340
000003352
000003364
000003376
000003388
000003390
000003407
000003419
000003420
000003432
000003444
000003456
000003468
000003470
000003481
000003493
000003500
000003512
000003524
000003536
000003548
000003550
000003561
000003573
000003585
000003597
000003604
000003616
000003628
000003630
000003641
000003653
000003665
000003677
000003689
000003690
000003708
000003710
000003721
000003733
000003745
000003757
000003769
000003770
000003782
000003794
000003801
000003813
000003825
000003837
000003849
000003850
000003862
000003874
000003886
000003898
000003905
000003917
000003929
000003930
000003942
000003954
000003966
000003978
000003980
000003991
000004000
000004011
000004023
000004035
000004047
000004059
000004060
000004072
000004084
000004096
000004103
000004115
000004127
000004139
000004140
000004152
000004164
000004176
000004188
000004190
000004207
000004219
000004220
000004232
000004244
000004256
000004268
000004270
000004281
000004293
000004300
000004312
000004324
000004336
000004348
000004350
000004361
000004373
000004385
000004397
000004404
000004416
000004428
000004430
000004441
000004453
000004465
000004477
000004489
000004490
000004508
000004510
000004521
000004533
000004545
000004557
000004569
000004570
000004582
000004594
000004601
000004613
000004625
000004637
000004649
000004650
000004662
000004674
000004686
000004698
000004705
000004717
000004729
000004730
000004742
000004754
000004766
000004778
000004780
000004791
000004809
000004810
000004822
000004834
000004846
000004858
000004860
000004871
000004883
000004895
000004902
000004914
000004926
000004938
000004940
000004951
000004963
000004975
000004987
000004999
000005007
000005019
000005020
000005032
000005044
000005056
000005068
000005070
000005081
000005093
000005100
000005112
000005124
000005136
000005148
000005150
000005161
000005173
000005185
000005197
000005204
000005216
000005228
000005230
000005241
000005253
000005265
000005277
000005289
000005290
000005308
000005310
000005321
000005333
000005345
000005357
000005369
000005370
000005382
000005394
000005401
000005413
000005425
000005437
000005449
000005450
000005462
000005474
000005486
000005498
000005505
000005517
000005529
000005530
000005542
000005554
000005566
000005578
000005580
000005591
000005609
000005610
000005622
000005634
000005646
000005658
000005660
000005671
000005683
000005695
000005702
000005714
000005726
000005738
000005740
000005751
000005763
000005775
000005787
000005799
000005806
000005818
000005820
000005831
000005843
000005855
000005867
000005879
000005880
000005892
000005900
000005911
000005923
000005935
000005947
000005959
000005960
000005972
000005984
000005996
000006004
000006016
000006028
000006030
000006041
000006053
000006065
000006077
000006089
000006090
000006108
000006110
000006121
000006133
000006145
000006157
000006169
000006170
000006182
000006194
000006201
000006213
000006225
000006237
000006249
000006250
000006262
000006274
000006286
000006298
000006305
000006317
000006329
000006330
000006342
000006354
000006366
000006378
000006380
000006391
000006409
000006410
000006422
000006434
000006446
000006458
000006460
000006471
000006483
000006495
000006502
000006514
000006526
000006538
000006540
000006551
000006563
000006575
000006587
000006599
000006606
000006618
000006620
000006631
000006643
000006655
000006667
000006679
000006680
000006692
000006700
000006711
000006723
000006735
000006747
000006759
000006760
000006772
000006784
000006796
000006803
000006815
000006827
000006839
000006840
000006852
000006864
000006876
000006888
000006890
000006907
000006919
000006920
000006932
000006944
000006956
000006968
000006970
000006981
000006993
000007001
000007013
000007025
000007037
000007049
000007050
000007062
000007074
000007086
000007098
000007105
000007117
000007129
000007130
000007142
000007154
000007166
000007178
000007180
000007191
000007209
000007210
000007222
000007234
000007246
000007258
000007260
000007271
000007283
000007295
000007302
000007314
000007326
000007338
000007340
000007351
000007363
000007375
000007387
000007399
000007406
000007418
000007420
000007431
000007443
000007455
000007467
000007479
000007480
000007492
000007500
000007511
000007523
000007535
000007547
000007559
000007560
000007572
000007584
000007596
000007603
000007615
000007627
000007639
000007640
000007652
000007664
000007676
000007688
000007690
000007707
000007719
000007720
000007732
000007744
000007756
000007768
000007770
000007781
000007793
000007800
000007812
000007824
000007836
000007848
000007850
000007861
000007873
000007885
000007897
000007904
000007916
000007928
000007930
000007941
000007953
000007965
000007977
000007989
000007990
000008009
000008010
000008022
000008034
000008046
000008058
000008060
000008071
000008083
000008095
000008102
000008114
000008126
000008138
000008140
000008151
000008163
000008175
000008187
000008199
000008206
000008218
000008220
000008231
000008243
000008255
000008267
000008279
000008280
000008292
000008300
000008311
000008323
000008335
000008347
000008359
000008360
000008372
000008384
000008396
000008403
000008415
000008427
000008439
000008440
000008452
000008464
000008476
000008488
000008490
000008507
000008519
000008520
000008532
000008544
000008556
000008568
000008570
000008581
000008593
000008600
000008612
000008624
000008636
000008648
000008650
000008661
000008673
000008685
000008697
000008704
000008716
000008728
000008730
000008741
000008753
000008765
000008777
000008789
000008790
000008808
000008810
000008821
000008833
000008845
000008857
000008869
000008870
000008882
000008894
000008901
000008913
000008925
000008937
000008949
000008950
000008962
000008974
000008986
000008998
000009006
000009018
000009020
000009031
000009043
000009055
000009067
000009079
000009080
000009092
000009100
000009111
000009123
000009135
000009147
000009159
000009160
000009172
000009184
000009196
000009203
000009215
000009227
000009239
000009240
000009252
000009264
000009276
000009288
000009290
000009307
000009319
000009320
000009332
000009344
000009356
000009368
000009370
000009381
000009393
000009400
000009412
000009424
000009436
000009448
000009450
000009461
000009473
000009485
000009497
000009504
000009516
000009528
000009530
000009541
000009553
000009565
000009577
000009589
000009590
000009608
000009610
000009621
000009633
000009645
000009657
000009669
000009670
000009682
000009694
000009701
000009713
000009725
000009737
000009749
000009750
000009762
000009774
000009786
000009798
000009805
000009817
000009829
000009830
000009842
000009854
000009866
000009878
000009880
000009891
000009909
000009910
000009922
000009934
000009946
000009958
000009960
000009971
000009983
000009995
000010005
000010017
000010029
000010030
000010042
000010054
000010066
000010078
000010080
000010091
000010109
000010110
000010122
000010134
000010146
000010158
000010160
000010171
000010183
000010195
000010202
000010214
000010226
000010238
000010240
000010251
000010263
000010275
000010287
000010299
000010306
000010318
000010320
000010331
000010343
000010355
000010367
000010379
000010380
000010392
000010400
000010411
000010423
000010435
000010447
000010459
000010460
000010472
000010484
000010496
000010503
000010515
000010527
000010539
000010540
000010552
000010564
000010576
000010588
000010590
000010607
000010619
000010620
000010632
000010644
000010656
000010668
000010670
000010681
000010693
000010700
000010712
000010724
000010736
000010748
000010750
000010761
000010773
000010785
000010797
000010804
000010816
000010828
000010830
000010841
000010853
000010865
000010877
000010889
000010890
000010908
000010910
000010921
000010933
000010945
000010957
000010969
000010970
000010982
000010994
000011002
000011014
000011026
000011038
000011040
000011051
000011063
000011075
000011087
000011099
000011106
000011118
000011120
000011131
000011143
000011155
000011167
000011179
000011180
000011192
000011200
000011211
000011223
000011235
000011247
000011259
000011260
000011272
000011284
000011296
000011303
000011315
000011327
000011339
000011340
000011352
000011364
000011376
000011388
000011390
000011407
000011419
000011420
000011432
000011444
000011456
000011468
000011470
000011481
000011493
000011500
000011512
000011524
000011536
000011548
000011550
000011561
000011573
000011585
000011597
000011604
000011616
000011628
000011630
000011641
000011653
000011665
000011677
000011689
000011690
000011708
000011710
000011721
000011733
000011745
000011757
000011769
000011770
000011782
000011794
000011801
000011813
000011825
000011837
000011849
000011850
000011862
000011874
000011886
000011898
000011905
000011917
000011929
000011930
000011942
000011954
000011966
000011978
000011980
000011991
000012000
000012011
000012023
000012035
000012047
000012059
000012060
000012072
000012084
000012096
000012103
000012115
000012127
000012139
000012140
000012152
000012164
000012176
000012188
000012190
000012207
000012219
000012220
000012232
000012244
000012256
000012268
000012270
000012281
000012293
000012300
000012312
000012324
000012336
000012348
000012350
000012361
000012373
000012385
000012397
000012404
000012416
000012428
000012430
000012441
000012453
000012465
000012477
000012489
000012490
000012508
000012510
000012521
000012533
000012545
000012557
000012569
000012570
000012582
000012594
000012601
000012613
000012625
000012637
000012649
000012650
000012662
000012674
000012686
000012698
000012705
000012717
000012729
000012730
000012742
000012754
000012766
000012778
000012780
000012791
000012809
000012810
000012822
000012834
000012846
000012858
000012860
000012871
000012883
000012895
000012902
000012914
000012926
000012938
000012940
000012951
000012963
000012975
000012987
000012999
000013007
000013019
000013020
000013032
000013044
000013056
000013068
000013070
000013081
000013093
000013100
000013112
000013124
000013136
000013148
000013150
000013161
000013173
000013185
000013197
000013204
000013216
000013228
000013230
000013241
000013253
000013265
000013277
000013289
000013290
000013308
000013310
000013321
000013333
000013345
000013357
000013369
000013370
000013382
000013394
000013401
000013413
000013425
000013437
000013449
000013450
000013462
000013474
000013486
000013498
000013505
000013517
000013529
000013530
000013542
000013554
000013566
000013578
000013580
000013591
000013609
000013610
000013622
000013634
000013646
000013658
000013660
000013671
000013683
000013695
000013702
000013714
000013726
000013738
000013740
000013751
000013763
000013775
000013787
000013799
000013806
000013818
000013820
000013831
000013843
000013855
000013867
000013879
000013880
000013892
000013900
000013911
000013923
000013935
000013947
000013959
000013960
000013972
000013984
000013996
000014004
000014016
000014028
000014030
000014041
000014053
000014065
000014077
000014089
000014090
000014108
000014110
000014121
000014133
000014145
000014157
000014169
000014170
000014182
000014194
000014201
000014213
000014225
000014237
000014249
000014250
000014262
000014274
000014286
000014298
000014305
000014317
000014329
000014330
000014342
000014354
000014366
000014378
000014380
000014391
000014409
000014410
000014422
000014434
000014446
000014458
000014460
000014471
000014483
000014495
000014502
000014514
000014526
000014538
000014540
000014551
000014563
000014575
000014587
000014599
000014606
000014618
000014620
000014631
000014643
000014655
000014667
000014679
000014680
000014692
000014700
000014711
000014723
000014735
000014747
000014759
000014760
000014772
000014784
000014796
000014803
000014815
000014827
000014839
000014840
000014852
000014864
000014876
000014888
000014890
000014907
000014919
000014920
000014932
000014944
000014956
000014968
000014970
000014981
000014993
000015001
000015013
000015025
000015037
000015049
000015050
000015062
000015074
000015086
000015098
000015105
000015117
000015129
000015130
000015142
000015154
000015166
000015178
000015180
000015191
000015209
000015210
000015222
000015234
000015246
000015258
000015260
000015271
000015283
000015295
000015302
000015314
000015326
000015338
000015340
000015351
000015363
000015375
000015387
000015399
000015406
000015418
000015420
000015431
000015443
000015455
000015467
000015479
000015480
000015492
000015500
000015511
000015523
000015535
000015547
000015559
000015560
000015572
000015584
000015596
000015603
000015615
000015627
000015639
000015640
000015652
000015664
000015676
000015688
000015690
000015707
000015719
000015720
000015732
000015744
000015756
000015768
000015770
000015781
000015793
000015800
000015812
000015824
000015836
000015848
000015850
000015861
000015873
000015885
000015897
000015904
000015916
000015928
000015930
000015941
000015953
000015965
000015977
000015989
000015990
000016009
000016010
000016022
000016034
000016046
000016058
000016060
000016071
000016083
000016095
000016102
000016114
000016126
000016138
000016140
000016151
000016163
000016175
000016187
000016199
000016206
000016218
000016220
000016231
000016243
000016255
000016267
000016279
000016280
000016292
000016300
000016311
000016323
000016335
000016347
000016359
000016360
000016372
000016384
000016396
000016403
000016415
000016427
000016439
000016440
000016452
000016464
000016476
000016488
000016490
000016507
000016519
000016520
000016532
000016544
000016556
000016568
000016570
000016581
000016593
000016600
000016612
000016624
000016636
000016648
000016650
000016661
000016673
000016685
000016697
000016704
000016716
000016728
000016730
000016741
000016753
000016765
000016777
000016789
000016790
000016808
000016810
000016821
000016833
000016845
000016857
000016869
000016870
000016882
000016894
000016901
000016913
000016925
000016937
000016949
000016950
000016962
000016974
000016986
000016998
000017006
000017018
000017020
000017031
000017043
000017055
000017067
000017079
000017080
000017092
000017100
000017111
000017123
000017135
000017147
000017159
000017160
000017172
000017184
000017196
000017203
000017215
000017227
000017239
000017240
000017252
000017264
000017276
000017288
000017290
000017307
000017319
000017320
000017332
000017344
000017356
000017368
000017370
000017381
000017393
000017400
000017412
000017424
000017436
000017448
000017450
000017461
000017473
000017485
000017497
000017504
000017516
000017528
000017530
000017541
000017553
000017565
000017577
000017589
000017590
000017608
000017610
000017621
000017633
000017645
000017657
000017669
000017670
000017682
000017694
000017701
000017713
000017725
000017737
000017749
000017750
000017762
000017774
000017786
000017798
000017805
000017817
000017829
000017830
000017842
000017854
000017866
000017878
000017880
000017891
000017909
000017910
000017922
000017934
000017946
000017958
000017960
000017971
000017983
000017995
000018003
000018015
000018027
000018039
000018040
000018052
000018064
000018076
000018088
000018090
000018107
000018119
000018120
000018132
000018144
000018156
000018168
000018170
000018181
000018193
000018200
000018212
000018224
000018236
000018248
000018250
000018261
000018273
000018285
000018297
000018304
000018316
000018328
000018330
000018341
000018353
000018365
000018377
000018389
000018390
000018408
000018410
000018421
000018433
000018445
000018457
000018469
000018470
000018482
000018494
000018501
000018513
000018525
000018537
000018549
000018550
000018562
000018574
000018586
000018598
000018605
000018617
000018629
000018630
000018642
000018654
000018666
000018678
000018680
000018691
000018709
000018710
000018722
000018734
000018746
000018758
000018760
000018771
000018783
000018795
000018802
000018814
000018826
000018838
000018840
000018851
000018863
000018875
000018887
000018899
000018906
000018918
000018920
000018931
000018943
000018955
000018967
000018979
000018980
000018992
000019000
000019012
000019024
000019036
000019048
000019050
000019061
000019073
000019085
000019097
000019104
000019116
000019128
000019130
000019141
000019153
000019165
000019177
000019189
000019190
000019208
000019210
000019221
000019233
000019245
000019257
000019269
000019270
000019282
000019294
000019301
000019313
000019325
000019337
000019349
000019350
000019362
000019374
000019386
000019398
000019405
000019417
000019429
000019430
000019442
000019454
000019466
000019478
000019480
000019491
000019509
000019510
000019522
000019534
000019546
000019558
000019560
000019571
000019583
000019595
000019602
000019614
000019626
000019638
000019640
000019651
000019663
000019675
000019687
000019699
000019706
000019718
000019720
000019731
000019743
000019755
000019767
000019779
000019780
000019792
000019800
000019811
000019823
000019835
000019847
000019859
000019860
000019872
000019884
000019896
000019903
000019915
000019927
000019939
000019940
000019952
000019964
000019976
000019988
000019990
000020000
000020011
000020023
000020035
000020047
000020059
000020060
000020072
000020084
000020096
000020103
000020115
000020127
000020139
000020140
000020152
000020164
000020176
000020188
000020190
000020207
000020219
000020220
000020232
000020244
000020256
000020268
000020270
000020281
000020293
000020300
000020312
000020324
000020336
000020348
000020350
000020361
000020373
000020385
000020397
000020404
000020416
000020428
000020430
000020441
000020453
000020465
000020477
000020489
000020490
000020508
000020510
000020521
000020533
000020545
000020557
000020569
000020570
000020582
000020594
000020601
000020613
000020625
000020637
000020649
000020650
000020662
000020674
000020686
000020698
000020705
000020717
000020729
000020730
000020742
000020754
000020766
000020778
000020780
000020791
000020809
000020810
000020822
000020834
000020846
000020858
000020860
000020871
000020883
000020895
000020902
000020914
000020926
000020938
000020940
000020951
000020963
000020975
000020987
000020999
000021007
000021019
000021020
000021032
000021044
000021056
000021068
000021070
000021081
000021093
000021100
000021112
000021124
000021136
000021148
000021150
000021161
000021173
000021185
000021197
000021204
000021216
000021228
000021230
000021241
000021253
000021265
000021277
000021289
000021290
000021308
000021310
000021321
000021333
000021345
000021357
000021369
000021370
000021382
000021394
000021401
000021413
000021425
000021437
000021449
000021450
000021462
000021474
000021486
000021498
000021505
000021517
000021529
000021530
000021542
000021554
000021566
000021578
000021580
000021591
000021609
000021610
000021622
000021634
000021646
000021658
000021660
000021671
000021683
000021695
000021702
000021714
000021726
000021738
000021740
000021751
000021763
000021775
000021787
000021799
000021806
000021818
000021820
000021831
000021843
000021855
000021867
000021879
000021880
000021892
000021900
000021911
000021923
000021935
000021947
000021959
000021960
000021972
000021984
000021996
000022004
000022016
000022028
000022030
000022041
000022053
000022065
000022077
000022089
000022090
000022108
000022110
000022121
000022133
000022145
000022157
000022169
000022170
000022182
000022194
000022201
000022213
000022225
000022237
000022249
000022250
000022262
000022274
000022286
000022298
000022305
000022317
000022329
000022330
000022342
000022354
000022366
000022378
000022380
000022391
000022409
000022410
000022422
000022434
000022446
000022458
000022460
000022471
000022483
000022495
000022502
000022514
000022526
000022538
000022540
000022551
000022563
000022575
000022587
000022599
000022606
000022618
000022620
000022631
000022643
000022655
000022667
000022679
000022680
000022692
000022700
000022711
000022723
000022735
000022747
000022759
000022760
000022772
000022784
000022796
000022803
000022815
000022827
000022839
000022840
000022852
000022864
000022876
000022888
000022890
000022907
000022919
000022920
000022932
000022944
000022956
000022968
000022970
000022981
000022993
000023001
000023013
000023025
000023037
000023049
000023050
000023062
000023074
000023086
000023098
000023105
000023117
000023129
000023130
000023142
000023154
000023166
000023178
000023180
000023191
000023209
000023210
000023222
000023234
000023246
000023258
000023260
000023271
000023283
000023295
000023302
000023314
000023326
000023338
000023340
000023351
000023363
000023375
000023387
000023399
000023406
000023418
000023420
000023431
000023443
000023455
000023467
000023479
000023480
000023492
000023500
000023511
000023523
000023535
000023547
000023559
000023560
000023572
000023584
000023596
000023603
000023615
000023627
000023639
000023640
000023652
000023664
000023676
000023688
000023690
000023707
000023719
000023720
000023732
000023744
000023756
000023768
000023770
000023781
000023793
000023800
000023812
000023824
000023836
000023848
000023850
000023861
000023873
000023885
000023897
000023904
000023916
000023928
000023930
000023941
000023953
000023965
000023977
000023989
000023990
000024009
000024010
000024022
000024034
000024046
000024058
000024060
000024071
000024083
000024095
000024102
000024114
000024126
000024138
000024140
000024151
000024163
000024175
000024187
000024199
000024206
000024218
000024220
000024231
000024243
000024255
000024267
000024279
000024280
000024292
000024300
000024311
000024323
000024335
000024347
000024359
000024360
000024372
000024384
000024396
000024403
000024415
000024427
000024439
000024440
000024452
000024464
000024476
000024488
000024490
000024507
000024519
000024520
000024532
000024544
000024556
000024568
000024570
000024581
000024593
000024600
000024612
000024624
000024636
000024648
000024650
000024661
000024673
000024685
000024697
000024704
000024716
000024728
000024730
000024741
000024753
000024765
000024777
000024789
000024790
000024808
000024810
000024821
000024833
000024845
000024857
000024869
000024870
000024882
000024894
000024901
000024913
000024925
000024937
000024949
000024950
000024962
000024974
000024986
000024998
000025006
000025018
000025020
000025031
000025043
000025055
000025067
000025079
000025080
000025092
000025100
000025111
000025123
000025135
000025147
000025159
000025160
000025172
000025184
000025196
000025203
000025215
000025227
000025239
000025240
000025252
000025264
000025276
000025288
000025290
000025307
000025319
000025320
000025332
000025344
000025356
000025368
000025370
000025381
000025393
000025400
000025412
000025424
000025436
000025448
000025450
000025461
000025473
000025485
000025497
000025504
000025516
000025528
000025530
000025541
000025553
000025565
000025577
000025589
000025590
000025608
000025610
000025621
000025633
000025645
000025657
000025669
000025670
000025682
000025694
000025701
000025713
000025725
000025737
000025749
000025750
000025762
000025774
000025786
000025798
000025805
000025817
000025829
000025830
000025842
000025854
000025866
000025878
000025880
000025891
000025909
000025910
000025922
000025934
000025946
000025958
000025960
000025971
000025983
000025995
000026003
000026015
000026027
000026039
000026040
000026052
000026064
000026076
000026088
000026090
000026107
000026119
000026120
000026132
000026144
000026156
000026168
000026170
000026181
000026193
000026200
000026212
000026224
000026236
000026248
000026250
000026261
000026273
000026285
000026297
000026304
000026316
000026328
000026330
000026341
000026353
000026365
000026377
000026389
000026390
000026408
000026410
000026421
000026433
000026445
000026457
000026469
000026470
000026482
000026494
000026501
000026513
000026525
000026537
000026549
000026550
000026562
000026574
000026586
000026598
000026605
000026617
000026629
000026630
000026642
000026654
000026666
000026678
000026680
000026691
000026709
000026710
000026722
000026734
000026746
000026758
000026760
000026771
000026783
000026795
000026802
000026814
000026826
000026838
000026840
000026851
000026863
000026875
000026887
000026899
000026906
000026918
000026920
000026931
000026943
000026955
000026967
000026979
000026980
000026992
000027000
000027012
000027024
000027036
000027048
000027050
000027061
000027073
000027085
000027097
000027104
000027116
000027128
000027130
000027141
000027153
000027165
000027177
000027189
000027190
000027208
000027210
000027221
000027233
000027245
000027257
000027269
000027270
000027282
000027294
000027301
000027313
000027325
000027337
000027349
000027350
000027362
000027374
000027386
000027398
000027405
000027417
000027429
000027430
000027442
000027454
000027466
000027478
000027480
000027491
000027509
000027510
000027522
000027534
000027546
000027558
000027560
000027571
000027583
000027595
000027602
000027614
000027626
000027638
000027640
000027651
000027663
000027675
000027687
000027699
000027706
000027718
000027720
000027731
000027743
000027755
000027767
000027779
000027780
000027792
000027800
000027811
000027823
000027835
000027847
000027859
000027860
000027872
000027884
000027896
000027903
000027915
000027927
000027939
000027940
000027952
000027964
000027976
000027988
000027990
000028008
000028010
000028021
000028033
000028045
000028057
000028069
000028070
000028082
000028094
000028101
000028113
000028125
000028137
000028149
000028150
000028162
000028174
000028186
000028198
000028205
000028217
000028229
000028230
000028242
000028254
000028266
000028278
000028280
000028291
000028309
000028310
000028322
000028334
000028346
000028358
000028360
000028371
000028383
000028395
000028402
000028414
000028426
000028438
000028440
000028451
000028463
000028475
000028487
000028499
000028506
000028518
000028520
000028531
000028543
000028555
000028567
000028579
000028580
000028592
000028600
000028611
000028623
000028635
000028647
000028659
000028660
000028672
000028684
000028696
000028703
000028715
000028727
000028739
000028740
000028752
000028764
000028776
000028788
000028790
000028807
000028819
000028820
000028832
000028844
000028856
000028868
000028870
000028881
000028893
000028900
000028912
000028924
000028936
000028948
000028950
000028961
000028973
000028985
000028997
000029005
000029017
000029029
000029030
000029042
000029054
000029066
000029078
000029080
000029091
000029109
000029110
000029122
000029134
000029146
000029158
000029160
000029171
000029183
000029195
000029202
000029214
000029226
000029238
000029240
000029251
000029263
000029275
000029287
000029299
000029306
000029318
000029320
000029331
000029343
000029355
000029367
000029379
000029380
000029392
000029400
000029411
000029423
000029435
000029447
000029459
000029460
000029472
000029484
000029496
000029503
000029515
000029527
000029539
000029540
000029552
000029564
000029576
000029588
000029590
000029607
000029619
000029620
000029632
000029644
000029656
000029668
000029670
000029681
000029693
000029700
000029712
000029724
000029736
000029748
000029750
000029761
000029773
000029785
000029797
000029804
000029816
000029828
000029830
000029841
000029853
000029865
000029877
000029889
000029890
000029908
000029910
000029921
000029933
000029945
000029957
000029969
000029970
000029982
000029994
000030004
000030016
000030028
000030030
000030041
000030053
000030065
000030077
000030089
000030090
000030108
000030110
000030121
000030133
000030145
000030157
000030169
000030170
000030182
000030194
000030201
000030213
000030225
000030237
000030249
000030250
000030262
000030274
000030286
000030298
000030305
000030317
000030329
000030330
000030342
000030354
000030366
000030378
000030380
000030391
000030409
000030410
000030422
000030434
000030446
000030458
000030460
000030471
000030483
000030495
000030502
000030514
000030526
000030538
000030540
000030551
000030563
000030575
000030587
000030599
000030606
000030618
000030620
000030631
000030643
000030655
000030667
000030679
000030680
000030692
000030700
000030711
000030723
000030735
000030747
000030759
000030760
000030772
000030784
000030796
000030803
000030815
000030827
000030839
000030840
000030852
000030864
000030876
000030888
000030890
000030907
000030919
000030920
000030932
000030944
000030956
000030968
000030970
000030981
000030993
000031001
000031013
000031025
000031037
000031049
000031050
000031062
000031074
000031086
000031098
000031105
000031117
000031129
000031130
000031142
000031154
000031166
000031178
000031180
000031191
000031209
000031210
000031222
000031234
000031246
000031258
000031260
000031271
000031283
000031295
000031302
000031314
000031326
000031338
000031340
000031351
000031363
000031375
000031387
000031399
000031406
000031418
000031420
000031431
000031443
000031455
000031467
000031479
000031480
000031492
000031500
000031511
000031523
000031535
000031547
000031559
000031560
000031572
000031584
000031596
000031603
000031615
000031627
000031639
000031640
000031652
000031664
000031676
000031688
000031690
000031707
000031719
000031720
000031732
000031744
000031756
000031768
000031770
000031781
000031793
000031800
000031812
000031824
000031836
000031848
000031850
000031861
000031873
000031885
000031897
000031904
000031916
000031928
000031930
000031941
000031953
000031965
000031977
000031989
000031990
000032009
000032010
000032022
000032034
000032046
000032058
000032060
000032071
000032083
000032095
000032102
000032114
000032126
000032138
000032140
000032151
000032163
000032175
000032187
000032199
000032206
000032218
000032220
000032231
000032243
000032255
000032267
000032279
000032280
000032292
000032300
000032311
000032323
000032335
000032347
000032359
000032360
000032372
000032384
000032396
000032403
000032415
000032427
000032439
000032440
000032452
000032464
000032476
000032488
000032490
000032507
000032519
000032520
000032532
000032544
000032556
000032568
000032570
000032581
000032593
000032600
000032612
000032624
000032636
000032648
000032650
000032661
000032673
000032685
000032697
000032704
000032716
000032728
000032730
000032741
000032753
000032765
000032777
000032789
000032790
000032808
000032810
000032821
000032833
000032845
000032857
000032869
000032870
000032882
000032894
000032901
000032913
000032925
000032937
000032949
000032950
000032962
000032974
000032986
000032998
000033006
000033018
000033020
000033031
000033043
000033055
000033067
000033079
000033080
000033092
000033100
000033111
000033123
000033135
000033147
000033159
000033160
000033172
000033184
000033196
000033203
000033215
000033227
000033239
000033240
000033252
000033264
000033276
000033288
000033290
000033307
000033319
000033320
000033332
000033344
000033356
000033368
000033370
000033381
000033393
000033400
000033412
000033424
000033436
000033448
000033450
000033461
000033473
000033485
000033497
000033504
000033516
000033528
000033530
000033541
000033553
000033565
000033577
000033589
000033590
000033608
000033610
000033621
000033633
000033645
000033657
000033669
000033670
000033682
000033694
000033701
000033713
000033725
000033737
000033749
000033750
000033762
000033774
000033786
000033798
000033805
000033817
000033829
000033830
000033842
000033854
000033866
000033878
000033880
000033891
000033909
000033910
000033922
000033934
000033946
000033958
000033960
000033971
000033983
000033995
000034003
000034015
000034027
000034039
000034040
000034052
000034064
000034076
000034088
000034090
000034107
000034119
000034120
000034132
000034144
000034156
000034168
000034170
000034181
000034193
000034200
000034212
000034224
000034236
000034248
000034250
000034261
000034273
000034285
000034297
000034304
000034316
000034328
000034330
000034341
000034353
000034365
000034377
000034389
000034390
000034408
000034410
000034421
000034433
000034445
000034457
000034469
000034470
000034482
000034494
000034501
000034513
000034525
000034537
000034549
000034550
000034562
000034574
000034586
000034598
000034605
000034617
000034629
000034630
000034642
000034654
000034666
000034678
000034680
000034691
000034709
000034710
000034722
000034734
000034746
000034758
000034760
000034771
000034783
000034795
000034802
000034814
000034826
000034838
000034840
000034851
000034863
000034875
000034887
000034899
000034906
000034918
000034920
000034931
000034943
000034955
000034967
000034979
000034980
000034992
000035000
000035012
000035024
000035036
000035048
000035050
000035061
000035073
000035085
000035097
000035104
000035116
000035128
000035130
000035141
000035153
000035165
000035177
000035189
000035190
000035208
000035210
000035221
000035233
000035245
000035257
000035269
000035270
000035282
000035294
000035301
000035313
000035325
000035337
000035349
000035350
000035362
000035374
000035386
000035398
000035405
000035417
000035429
000035430
000035442
000035454
000035466
000035478
000035480
000035491
000035509
000035510
000035522
000035534
000035546
000035558
000035560
000035571
000035583
000035595
000035602
000035614
000035626
000035638
000035640
000035651
000035663
000035675
000035687
000035699
000035706
000035718
000035720
000035731
000035743
000035755
000035767
000035779
000035780
000035792
000035800
000035811
000035823
000035835
000035847
000035859
000035860
000035872
000035884
000035896
000035903
000035915
000035927
000035939
000035940
000035952
000035964
000035976
000035988
000035990
000036008
000036010
000036021
000036033
000036045
000036057
000036069
000036070
000036082
000036094
000036101
000036113
000036125
000036137
000036149
000036150
000036162
000036174
000036186
000036198
000036205
000036217
000036229
000036230
000036242
000036254
000036266
000036278
000036280
000036291
000036309
000036310
000036322
000036334
000036346
000036358
000036360
000036371
000036383
000036395
000036402
000036414
000036426
000036438
000036440
000036451
000036463
000036475
000036487
000036499
000036506
000036518
000036520
000036531
000036543
000036555
000036567
000036579
000036580
000036592
000036600
000036611
000036623
000036635
000036647
000036659
000036660
000036672
000036684
000036696
000036703
000036715
000036727
000036739
000036740
000036752
000036764
000036776
000036788
000036790
000036807
000036819
000036820
000036832
000036844
000036856
000036868
000036870
000036881
000036893
000036900
000036912
000036924
000036936
000036948
000036950
000036961
000036973
000036985
000036997
000037005
000037017
000037029
000037030
000037042
000037054
000037066
000037078
000037080
000037091
000037109
000037110
000037122
000037134
000037146
000037158
000037160
000037171
000037183
000037195
000037202
000037214
000037226
000037238
000037240
000037251
000037263
000037275
000037287
000037299
000037306
000037318
000037320
000037331
000037343
000037355
000037367
000037379
000037380
000037392
000037400
000037411
000037423
000037435
000037447
000037459
000037460
000037472
000037484
000037496
000037503
000037515
000037527
000037539
000037540
000037552
000037564
000037576
000037588
000037590
000037607
000037619
000037620
000037632
000037644
000037656
000037668
000037670
000037681
000037693
000037700
000037712
000037724
000037736
000037748
000037750
000037761
000037773
000037785
000037797
000037804
000037816
000037828
000037830
000037841
000037853
000037865
000037877
000037889
000037890
000037908
000037910
000037921
000037933
000037945
000037957
000037969
000037970
000037982
000037994
000038002
000038014
000038026
000038038
000038040
000038051
000038063
000038075
000038087
000038099
000038106
000038118
000038120
000038131
000038143
000038155
000038167
000038179
000038180
000038192
000038200
000038211
000038223
000038235
000038247
000038259
000038260
000038272
000038284
000038296
000038303
000038315
000038327
000038339
000038340
000038352
000038364
000038376
000038388
000038390
000038407
000038419
000038420
000038432
000038444
000038456
000038468
000038470
000038481
000038493
000038500
000038512
000038524
000038536
000038548
000038550
000038561
000038573
000038585
000038597
000038604
000038616
000038628
000038630
000038641
000038653
000038665
000038677
000038689
000038690
000038708
000038710
000038721
000038733
000038745
000038757
000038769
000038770
000038782
000038794
000038801
000038813
000038825
000038837
000038849
000038850
000038862
000038874
000038886
000038898
000038905
000038917
000038929
000038930
000038942
000038954
000038966
000038978
000038980
000038991
000039000
000039011
000039023
000039035
000039047
000039059
000039060
000039072
000039084
000039096
000039103
000039115
000039127
000039139
000039140
000039152
000039164
000039176
000039188
000039190
000039207
000039219
000039220
000039232
000039244
000039256
000039268
000039270
000039281
000039293
000039300
000039312
000039324
000039336
000039348
000039350
000039361
000039373
000039385
000039397
000039404
000039416
000039428
000039430
000039441
000039453
000039465
000039477
000039489
000039490
000039508
000039510
000039521
000039533
000039545
000039557
000039569
000039570
000039582
000039594
000039601
000039613
000039625
000039637
000039649
000039650
000039662
000039674
000039686
000039698
000039705
000039717
000039729
000039730
000039742
000039754
000039766
000039778
000039780
000039791
000039809
000039810
000039822
000039834
000039846
000039858
000039860
000039871
000039883
000039895
000039902
000039914
000039926
000039938
000039940
000039951
000039963
000039975
000039987
000039999
000040009
000040010
000040022
000040034
000040046
000040058
000040060
000040071
000040083
000040095
000040102
000040114
000040126
000040138
000040140
000040151
000040163
000040175
000040187
000040199
000040206
000040218
000040220
000040231
000040243
000040255
000040267
000040279
000040280
000040292
000040300
000040311
000040323
000040335
000040347
000040359
000040360
000040372
000040384
000040396
000040403
000040415
000040427
000040439
000040440
000040452
000040464
000040476
000040488
000040490
000040507
000040519
000040520
000040532
000040544
000040556
000040568
000040570
000040581
000040593
000040600
000040612
000040624
000040636
000040648
000040650
000040661
000040673
000040685
000040697
000040704
000040716
000040728
000040730
000040741
000040753
000040765
000040777
000040789
000040790
000040808
000040810
000040821
000040833
000040845
000040857
000040869
000040870
000040882
000040894
000040901
000040913
000040925
000040937
000040949
000040950
000040962
000040974
000040986
000040998
000041006
000041018
000041020
000041031
000041043
000041055
000041067
000041079
000041080
000041092
000041100
000041111
000041123
000041135
000041147
000041159
000041160
000041172
000041184
000041196
000041203
000041215
000041227
000041239
000041240
000041252
000041264
000041276
000041288
000041290
000041307
000041319
000041320
000041332
000041344
000041356
000041368
000041370
000041381
000041393
000041400
000041412
000041424
000041436
000041448
000041450
000041461
000041473
000041485
000041497
000041504
000041516
000041528
000041530
000041541
000041553
000041565
000041577
000041589
000041590
000041608
000041610
000041621
000041633
000041645
000041657
000041669
000041670
000041682
000041694
000041701
000041713
000041725
000041737
000041749
000041750
000041762
000041774
000041786
000041798
000041805
000041817
000041829
000041830
000041842
000041854
000041866
000041878
000041880
000041891
000041909
000041910
000041922
000041934
000041946
000041958
000041960
000041971
000041983
000041995
000042003
000042015
000042027
000042039
000042040
000042052
000042064
000042076
000042088
000042090
000042107
000042119
000042120
000042132
000042144
000042156
000042168
000042170
000042181
000042193
000042200
000042212
000042224
000042236
000042248
000042250
000042261
000042273
000042285
000042297
000042304
000042316
000042328
000042330
000042341
000042353
000042365
000042377
000042389
000042390
000042408
000042410
000042421
000042433
000042445
000042457
000042469
000042470
000042482
000042494
000042501
000042513
000042525
000042537
000042549
000042550
000042562
000042574
000042586
000042598
000042605
000042617
000042629
000042630
000042642
000042654
000042666
000042678
000042680
000042691
000042709
000042710
000042722
000042734
000042746
000042758
000042760
000042771
000042783
000042795
000042802
000042814
000042826
000042838
000042840
000042851
000042863
000042875
000042887
000042899
000042906
000042918
000042920
000042931
000042943
000042955
000042967
000042979
000042980
000042992
000043000
000043012
000043024
000043036
000043048
000043050
000043061
000043073
000043085
000043097
000043104
000043116
000043128
000043130
000043141
000043153
000043165
000043177
000043189
000043190
000043208
000043210
000043221
000043233
000043245
000043257
000043269
000043270
000043282
000043294
000043301
000043313
000043325
000043337
000043349
000043350
000043362
000043374
000043386
000043398
000043405
000043417
000043429
000043430
000043442
000043454
000043466
000043478
000043480
000043491
000043509
000043510
000043522
000043534
000043546
000043558
000043560
000043571
000043583
000043595
000043602
000043614
000043626
000043638
000043640
000043651
000043663
000043675
000043687
000043699
000043706
000043718
000043720
000043731
000043743
000043755
000043767
000043779
000043780
000043792
000043800
000043811
000043823
000043835
000043847
000043859
000043860
000043872
000043884
000043896
000043903
000043915
000043927
000043939
000043940
000043952
000043964
000043976
000043988
000043990
000044008
000044010
000044021
000044033
000044045
000044057
000044069
000044070
000044082
000044094
000044101
000044113
000044125
000044137
000044149
000044150
000044162
000044174
000044186
000044198
000044205
000044217
000044229
000044230
000044242
000044254
000044266
000044278
000044280
000044291
000044309
000044310
000044322
000044334
000044346
000044358
000044360
000044371
000044383
000044395
000044402
000044414
000044426
000044438
000044440
000044451
000044463
000044475
000044487
000044499
000044506
000044518
000044520
000044531
000044543
000044555
000044567
000044579
000044580
000044592
000044600
000044611
000044623
000044635
000044647
000044659
000044660
000044672
000044684
000044696
000044703
000044715
000044727
000044739
000044740
000044752
000044764
000044776
000044788
000044790
000044807
000044819
000044820
000044832
000044844
000044856
000044868
000044870
000044881
000044893
000044900
000044912
000044924
000044936
000044948
000044950
000044961
000044973
000044985
000044997
000045005
000045017
000045029
000045030
000045042
000045054
000045066
000045078
000045080
000045091
000045109
000045110
000045122
000045134
000045146
000045158
000045160
000045171
000045183
000045195
000045202
000045214
000045226
000045238
000045240
000045251
000045263
000045275
000045287
000045299
000045306
000045318
000045320
000045331
000045343
000045355
000045367
000045379
000045380
000045392
000045400
000045411
000045423
000045435
000045447
000045459
000045460
000045472
000045484
000045496
000045503
000045515
000045527
000045539
000045540
000045552
000045564
000045576
000045588
000045590
000045607
000045619
000045620
000045632
000045644
000045656
000045668
000045670
000045681
000045693
000045700
000045712
000045724
000045736
000045748
000045750
000045761
000045773
000045785
000045797
000045804
000045816
000045828
000045830
000045841
000045853
000045865
000045877
000045889
000045890
000045908
000045910
000045921
000045933
000045945
000045957
000045969
000045970
000045982
000045994
000046002
000046014
000046026
000046038
000046040
000046051
000046063
000046075
000046087
000046099
000046106
000046118
000046120
000046131
000046143
000046155
000046167
000046179
000046180
000046192
000046200
000046211
000046223
000046235
000046247
000046259
000046260
000046272
000046284
000046296
000046303
000046315
000046327
000046339
000046340
000046352
000046364
000046376
000046388
000046390
000046407
000046419
000046420
000046432
000046444
000046456
000046468
000046470
000046481
000046493
000046500
000046512
000046524
000046536
000046548
000046550
000046561
000046573
000046585
000046597
000046604
000046616
000046628
000046630
000046641
000046653
000046665
000046677
000046689
000046690
000046708
000046710
000046721
000046733
000046745
000046757
000046769
000046770
000046782
000046794
000046801
000046813
000046825
000046837
000046849
000046850
000046862
000046874
000046886
000046898
000046905
000046917
000046929
000046930
000046942
000046954
000046966
000046978
000046980
000046991
000047000
000047011
000047023
000047035
000047047
000047059
000047060
000047072
000047084
000047096
000047103
000047115
000047127
000047139
000047140
000047152
000047164
000047176
000047188
000047190
000047207
000047219
000047220
000047232
000047244
000047256
000047268
000047270
000047281
000047293
000047300
000047312
000047324
000047336
000047348
000047350
000047361
000047373
000047385
000047397
000047404
000047416
000047428
000047430
000047441
000047453
000047465
000047477
000047489
000047490
000047508
000047510
000047521
000047533
000047545
000047557
000047569
000047570
000047582
000047594
000047601
000047613
000047625
000047637
000047649
000047650
000047662
000047674
000047686
000047698
000047705
000047717
000047729
000047730
000047742
000047754
000047766
000047778
000047780
000047791
000047809
000047810
000047822
000047834
000047846
000047858
000047860
000047871
000047883
000047895
000047902
000047914
000047926
000047938
000047940
000047951
000047963
000047975
000047987
000047999
000048007
000048019
000048020
000048032
000048044
000048056
000048068
000048070
000048081
000048093
000048100
000048112
000048124
000048136
000048148
000048150
000048161
000048173
000048185
000048197
000048204
000048216
000048228
000048230
000048241
000048253
000048265
000048277
000048289
000048290
000048308
000048310
000048321
000048333
000048345
000048357
000048369
000048370
000048382
000048394
000048401
000048413
000048425
000048437
000048449
000048450
000048462
000048474
000048486
000048498
000048505
000048517
000048529
000048530
000048542
000048554
000048566
000048578
000048580
000048591
000048609
000048610
000048622
000048634
000048646
000048658
000048660
000048671
000048683
000048695
000048702
000048714
000048726
000048738
000048740
000048751
000048763
000048775
000048787
000048799
000048806
000048818
000048820
000048831
000048843
000048855
000048867
000048879
000048880
000048892
000048900
000048911
000048923
000048935
000048947
000048959
000048960
000048972
000048984
000048996
000049004
000049016
000049028
000049030
000049041
000049053
000049065
000049077
000049089
000049090
000049108
000049110
000049121
000049133
000049145
000049157
000049169
000049170
000049182
000049194
000049201
000049213
000049225
000049237
000049249
000049250
000049262
000049274
000049286
000049298
000049305
000049317
000049329
000049330
000049342
000049354
000049366
000049378
000049380
000049391
000049409
000049410
000049422
000049434
000049446
000049458
000049460
000049471
000049483
000049495
000049502
000049514
000049526
000049538
000049540
000049551
000049563
000049575
000049587
000049599
000049606
000049618
000049620
000049631
000049643
000049655
000049667
000049679
000049680
000049692
000049700
000049711
000049723
000049735
000049747
000049759
000049760
000049772
000049784
000049796
000049803
000049815
000049827
000049839
000049840
000049852
000049864
000049876
000049888
000049890
000049907
000049919
000049920
000049932
000049944
000049956
000049968
000049970
000049981
000049993
000050003
000050015
000050027
000050039
000050040
000050052
000050064
000050076
000050088
000050090
000050107
000050119
000050120
000050132
000050144
000050156
000050168
000050170
000050181
000050193
000050200
000050212
000050224
000050236
000050248
000050250
000050261
000050273
000050285
000050297
000050304
000050316
000050328
000050330
000050341
000050353
000050365
000050377
000050389
000050390
000050408
000050410
000050421
000050433
000050445
000050457
000050469
000050470
000050482
000050494
000050501
000050513
000050525
000050537
000050549
000050550
000050562
000050574
000050586
000050598
000050605
000050617
000050629
000050630
000050642
000050654
000050666
000050678
000050680
000050691
000050709
000050710
000050722
000050734
000050746
000050758
000050760
000050771
000050783
000050795
000050802
000050814
000050826
000050838
000050840
000050851
000050863
000050875
000050887
000050899
000050906
000050918
000050920
000050931
000050943
000050955
000050967
000050979
000050980
000050992
000051000
000051012
000051024
000051036
000051048
000051050
000051061
000051073
000051085
000051097
000051104
000051116
000051128
000051130
000051141
000051153
000051165
000051177
000051189
000051190
000051208
000051210
000051221
000051233
000051245
000051257
000051269
000051270
000051282
000051294
000051301
000051313
000051325
000051337
000051349
000051350
000051362
000051374
000051386
000051398
000051405
000051417
000051429
000051430
000051442
000051454
000051466
000051478
000051480
000051491
